1639759496.505125 -0.039999999 -0.549763978 1.255877972 -0.000224000 -0.706253231 0.707959235 0.000221000
1639759496.705054 -0.040142573 -0.549468577 1.255831718 -0.000087847 -0.706527948 0.707684994 0.000347789
1639759496.904984 -0.040027346 -0.549810767 1.255876303 -0.000204890 -0.706208110 0.708004236 0.000238552
1639759497.104914 -0.040764879 -0.549823880 1.256034255 -0.000718570 -0.706192434 0.708019495 -0.000333601
1639759497.304918 -0.041415390 -0.549892187 1.256017089 -0.002016969 -0.706139743 0.708067477 -0.001751830
1639759497.504848 -0.042093679 -0.550060928 1.255905986 -0.003176235 -0.706024766 0.708174229 -0.002855048
1639759497.704777 -0.043036316 -0.550332129 1.256090164 -0.003845804 -0.705738842 0.708451211 -0.003843970
1639759497.904707 -0.043778375 -0.549789727 1.255929947 -0.005134528 -0.706309676 0.707865715 -0.005142245
1639759498.104637 -0.045303453 -0.550248504 1.256016493 -0.005500080 -0.705852330 0.708317041 -0.005397110
1639759498.304736 -0.045790426 -0.549921453 1.256145716 -0.006626402 -0.706141055 0.708008289 -0.006714301
1639759498.504667 -0.051340949 -0.550056696 1.255699515 -0.003739077 -0.706116915 0.708079040 -0.002988719
1639759498.704597 -0.051591113 -0.550434649 1.255869627 -0.005055082 -0.705699265 0.708477557 -0.004738897
1639759498.904527 -0.055684268 -0.549350560 1.255804777 -0.003244824 -0.706747830 0.707453728 -0.002496799
1639759499.104457 -0.055743329 -0.549121082 1.255721807 -0.004935885 -0.707004607 0.707177520 -0.004488656
1639759499.304531 -0.058799829 -0.549302042 1.255745530 -0.004214972 -0.706819415 0.707374692 -0.003095777
1639759499.504461 -0.058312699 -0.549309611 1.256206512 -0.006248829 -0.706778526 0.707386672 -0.005395263
1639759499.704392 -0.059277020 -0.549100697 1.255446792 -0.007003810 -0.706994474 0.707154691 -0.006481182
1639759499.904322 -0.057452872 -0.549315274 1.255595922 -0.010138069 -0.706724703 0.707343042 -0.010161321
1639759500.104252 -0.066145629 -0.550500512 1.255637288 -0.004822594 -0.705732942 0.708454311 -0.003189378
1639759500.304151 -0.066477880 -0.550562501 1.255490780 -0.006153564 -0.705682993 0.708484709 -0.004807976
1639759500.504081 -0.069700673 -0.549787521 1.255360723 -0.005078340 -0.706427336 0.707759082 -0.003426463
1639759500.704011 -0.069893137 -0.549163938 1.255320311 -0.006662491 -0.707029819 0.707134068 -0.005088605
1639759500.903944 -0.070250146 -0.549388885 1.255285382 -0.008018319 -0.706782460 0.707354367 -0.006646641
1639759501.103872 -0.071034275 -0.549593210 1.255351305 -0.008844820 -0.706544638 0.707569242 -0.007894997
1639759501.303889 -0.077983879 -0.548008621 1.255047083 0.004916231 0.708110392 -0.706079185 0.002771577
1639759501.503820 -0.078593612 -0.548110604 1.255036354 0.005870304 0.708015680 -0.706160784 0.004033835
1639759501.703750 -0.079855755 -0.548059523 1.254819632 0.006421088 0.708060563 -0.706106961 0.004696260
1639759501.903680 -0.081117637 -0.548314154 1.254627824 0.007189421 0.707864642 -0.706291318 0.005343242
1639759502.103611 -0.077429309 -0.550330877 1.254250050 -0.012155741 -0.705947936 0.708074272 -0.010975718
1639759502.303523 -0.087662280 -0.548292577 1.255029678 0.005085252 0.707855046 -0.706334651 0.002594536
1639759502.503453 -0.087489173 -0.549205363 1.254618645 -0.006814425 -0.707010567 0.707154632 -0.004681349
1639759502.703383 -0.089535788 -0.549168587 1.254564762 -0.006642097 -0.707053125 0.707114398 -0.004579332
1639759502.903314 -0.091597825 -0.549000382 1.254582405 0.006739099 0.707196057 -0.706972420 0.004277287
1639759503.103244 -0.092201889 -0.547689557 1.254487157 0.008107312 0.708387375 -0.705756128 0.005468477
1639759503.303108 -0.093879543 -0.546370447 1.254312158 0.008336317 0.709615171 -0.704515219 0.005928375
1639759503.503038 -0.100097425 -0.548201799 1.254751086 0.005052423 0.707896352 -0.706297100 0.001256947
1639759503.702968 -0.099369876 -0.546467543 1.254116178 0.007538391 0.709504128 -0.704651594 0.003645265
1639759503.902898 -0.100368261 -0.545698166 1.253952980 0.008333291 0.710210443 -0.703925788 0.004489802
1639759504.102829 -0.105874337 -0.548920214 1.254900575 0.005032319 0.707240403 -0.706954241 0.001175575
1639759504.302753 -0.106350593 -0.547904253 1.254506469 0.006249479 0.708192289 -0.705986917 0.002670769
1639759504.502683 -0.107210249 -0.548805416 1.254464984 0.007283507 0.707368135 -0.706798613 0.003617945
1639759504.702613 -0.109197095 -0.549010932 1.254420280 0.007270963 0.707148373 -0.707018912 0.003545895
1639759504.902544 -0.110226683 -0.548233330 1.254183531 0.008068173 0.707898259 -0.706254184 0.004467410
1639759505.102474 -0.110611401 -0.548353076 1.253684759 0.009357270 0.707797348 -0.706327856 0.006023687
1639759505.302448 -0.111840457 -0.548865497 1.253987193 0.009924256 0.707269788 -0.706841171 0.006818699
1639759505.502378 -0.112715110 -0.549014270 1.253644705 0.010932498 0.707136452 -0.706949592 0.007793354
1639759505.702309 -0.118759580 -0.548504531 1.254062057 0.007781703 0.707586467 -0.706574917 0.003560007
1639759505.902239 -0.119545951 -0.547722518 1.253601551 0.009013214 0.708324194 -0.705816507 0.004321762
1639759506.102169 -0.125996321 -0.546994925 1.254276991 0.004884270 0.708979845 -0.705211818 0.000013722
1639759506.302168 -0.127042472 -0.548143566 1.254345059 0.005725688 0.707904756 -0.706284106 0.000900293
1639759506.502099 -0.129144281 -0.547471941 1.254632592 0.005510828 0.708478868 -0.705709994 0.000837124
1639759506.702029 -0.129577324 -0.549616992 1.254261374 -0.007048056 -0.706478775 0.707695663 -0.002231673
1639759506.901960 -0.132522285 -0.549001634 1.254498839 -0.006255850 -0.706996620 0.707188368 -0.001087190
1639759507.101890 -0.134604260 -0.548497200 1.254377007 0.005912773 0.707505703 -0.706682146 0.001022232
1639759507.301773 -0.133934915 -0.548554242 1.254084826 0.008121714 0.707501173 -0.706656516 0.003567104
1639759507.501703 -0.140469849 -0.549162209 1.254380941 -0.004616168 -0.706959426 0.707238257 0.001068539
1639759507.701634 -0.140158296 -0.549290419 1.254310369 -0.006286248 -0.706819594 0.707364440 -0.001427568
1639759507.901564 -0.141733944 -0.549485683 1.254491448 -0.006685883 -0.706591606 0.707588136 -0.001625841
1639759508.101494 -0.143653214 -0.549029469 1.254457116 -0.006695370 -0.706999183 0.707180679 -0.001678935
1639759508.301590 -0.145354211 -0.548056841 1.254662395 0.006942798 0.707927704 -0.706248999 0.001586072
1639759508.501520 -0.145640686 -0.549917579 1.254307032 -0.008535651 -0.706064999 0.708088040 -0.003258367
1639759508.701451 -0.150066048 -0.548769951 1.254647493 0.006403898 0.707186699 -0.706997454 0.000698041
1639759508.901382 -0.150528878 -0.548403680 1.254114866 0.007909601 0.707584262 -0.706581593 0.002078401
1639759509.101312 -0.153114855 -0.550185859 1.254674673 -0.007277058 -0.705872118 0.708300114 -0.001585493
1639759509.301408 -0.158351079 -0.549408853 1.254333377 -0.005064461 -0.706754744 0.707437336 0.002111269
1639759509.501339 -0.158455759 -0.547967434 1.254244089 0.006430773 0.708056867 -0.706126153 -0.000103489
1639759509.701270 -0.159391195 -0.549146533 1.254019141 -0.007385540 -0.706949472 0.707225144 -0.000746636
1639759509.901200 -0.159281522 -0.548868537 1.254168272 0.009312411 0.707261562 -0.706887126 0.002237721
1639759510.101131 -0.168148041 -0.550092161 1.254509687 -0.003717744 -0.706293166 0.707895458 0.004494006
1639759510.301186 -0.167353868 -0.547798157 1.254370570 0.006472080 0.708363831 -0.705814123 -0.002293008
1639759510.501117 -0.168368101 -0.548309386 1.254491925 0.006751450 0.707831204 -0.706348479 -0.001138748
1639759510.701048 -0.169499069 -0.547331691 1.253976107 0.007822783 0.708844066 -0.705321610 -0.000571589
1639759510.900979 -0.176779002 -0.549128592 1.254632115 0.003680854 0.707260787 -0.706919134 -0.005833083
1639759511.100910 -0.173774123 -0.548484683 1.254105806 0.007653728 0.707829058 -0.706342041 -0.000625858
1639759511.300811 -0.176408768 -0.548436046 1.254576445 0.007151979 0.707903028 -0.706271708 -0.001561491
1639759511.500742 -0.178592175 -0.549142659 1.254763603 0.007044577 0.707172334 -0.707003176 -0.002047037
1639759511.700673 -0.178324699 -0.547930717 1.254112840 0.008892501 0.708382487 -0.705772758 0.000094208
1639759511.900604 -0.178904504 -0.547430754 1.254088759 0.010467357 0.708817959 -0.705313206 0.000920978
1639759512.100535 -0.190060735 -0.549443841 1.255022287 -0.002553628 -0.706939220 0.707227170 0.007754262
1639759512.300460 -0.187982321 -0.548610687 1.254724860 0.006419998 0.707719564 -0.706451178 -0.004307096
1639759512.500391 -0.191699207 -0.547630489 1.254430056 0.005268389 0.708584785 -0.705577314 -0.006363420
1639759512.700322 -0.188944340 -0.550178170 1.254666567 -0.008969447 -0.706129909 0.708023787 0.001523591
1639759512.900253 -0.193241537 -0.548177302 1.254624963 0.007102999 0.708151102 -0.706013262 -0.004101559
1639759513.100184 -0.192816943 -0.549524426 1.254641414 -0.008984159 -0.706735492 0.707418621 0.001745048
1639759513.300149 -0.193666369 -0.548915148 1.254199982 0.010368356 0.707417607 -0.706719160 -0.000924746
1639759513.500080 -0.197871059 -0.547647238 1.255132794 0.008901177 0.708608568 -0.705535531 -0.003771166
1639759513.700011 -0.197389275 -0.547499478 1.254350543 0.010721258 0.708732069 -0.705395281 -0.001199662
1639759513.899942 -0.206953675 -0.548425853 1.255591154 0.004493164 0.707765818 -0.706380785 -0.008573771
1639759514.099873 -0.209008425 -0.547904909 1.255656123 0.004243688 0.708161592 -0.705986500 -0.008497266
1639759514.299916 -0.208322436 -0.549111307 1.255870700 -0.006456505 -0.706917286 0.707240820 0.006064538
1639759514.499847 -0.210752398 -0.548515022 1.255370140 0.006397394 0.707503915 -0.706647038 -0.006873373
1639759514.699778 -0.209921926 -0.548409164 1.255697846 0.008891890 0.707655370 -0.706489205 -0.004226673
1639759514.899709 -0.210921407 -0.548095286 1.255385280 0.009581573 0.708055377 -0.706084192 -0.003288497
1639759515.099641 -0.209402472 -0.548410356 1.255640626 0.012436755 0.707639813 -0.706463873 0.000319695
1639759515.299675 -0.210050255 -0.547140598 1.255529523 0.013629085 0.708909452 -0.705166459 0.001387512
1639759515.499606 -0.212360263 -0.548678219 1.255047917 0.013215055 0.707392395 -0.706696868 0.000952259
1639759515.699537 -0.211053938 -0.548058748 1.254849672 0.016038869 0.707977057 -0.706040859 0.004200872
1639759515.899469 -0.226400733 -0.548955083 1.256405830 -0.005895159 -0.706805766 0.707314312 0.009863409
1639759516.099400 -0.226457119 -0.549196124 1.256291866 -0.007517700 -0.706541300 0.707585454 0.008101262
1639759516.299345 -0.226297826 -0.548557878 1.256270409 0.009141570 0.707190931 -0.706937373 -0.006072666
1639759516.499276 -0.226999313 -0.548221290 1.256030560 0.010338842 0.707531512 -0.706588030 -0.005061687
1639759516.699208 -0.227763772 -0.548170149 1.255671501 0.011328963 0.707623839 -0.706488669 -0.003733197
1639759516.899139 -0.228698939 -0.546927810 1.256215334 0.012274687 0.708735049 -0.705361307 -0.003053545
1639759517.099071 -0.229245722 -0.547101140 1.256028652 0.013456701 0.708594859 -0.705485463 -0.001595758
1639759517.298987 -0.244060129 -0.544028163 1.257185698 0.004149578 0.711019039 -0.702984512 -0.015734343
1639759517.498918 -0.243991703 -0.542691529 1.256578922 0.005577759 0.712410510 -0.701606035 -0.013753035
1639759517.698849 -0.243948698 -0.542419016 1.256117344 0.007363300 0.712718308 -0.701311529 -0.011852656
1639759517.898781 -0.246445239 -0.540482640 1.256136298 0.007396660 0.714534819 -0.699441612 -0.012913451
1639759518.098712 -0.251821309 -0.540291071 1.257706046 0.005261688 0.714338183 -0.699572742 -0.017063072
1639759518.298791 -0.252654761 -0.538587272 1.257471323 0.005646304 0.715984523 -0.697912395 -0.015894666
1639759518.498723 -0.254607737 -0.539116740 1.257646203 0.005929614 0.715532243 -0.698363006 -0.016356507
1639759518.698654 -0.254762381 -0.538508475 1.257845163 0.007543548 0.716104984 -0.697793305 -0.014871461
1639759518.898586 -0.256261438 -0.537940621 1.257706404 0.008537549 0.716616571 -0.697255492 -0.014915172
1639759519.098517 -0.255982071 -0.539497077 1.258429170 0.010303311 0.715032279 -0.698904157 -0.012475804
1639759519.298418 -0.262627304 -0.537118077 1.258337736 0.006578700 0.717041790 -0.696786761 -0.017202485
1639759519.498350 -0.262847006 -0.536097169 1.257753849 0.008376575 0.718085527 -0.695721745 -0.015943995
1639759519.698281 -0.264004141 -0.534704328 1.257823348 0.009162290 0.719357431 -0.694406927 -0.015488436
1639759519.898213 -0.264576375 -0.535212398 1.258161068 0.010172991 0.718873501 -0.694921672 -0.014188831
1639759520.098144 -0.266933680 -0.533553183 1.258252859 0.010008763 0.720304072 -0.693426251 -0.014895059
1639759520.298096 -0.269093096 -0.533773303 1.258263230 0.009583850 0.719919741 -0.693840623 -0.014455946
1639759520.498027 -0.269681394 -0.532942593 1.258121729 0.010984616 0.720688701 -0.693041623 -0.013431399
1639759520.697959 -0.271378636 -0.532292068 1.257915854 0.011433865 0.721292019 -0.692407370 -0.013384761
1639759520.897891 -0.270551920 -0.531082869 1.258070827 0.013721554 0.722471893 -0.691178381 -0.010887435
1639759521.097822 -0.271973610 -0.531461060 1.258240342 0.013680534 0.722007632 -0.691674888 -0.010182550
1639759521.297665 -0.272965908 -0.531854689 1.258376122 0.014791676 0.721574605 -0.692109942 -0.009749979
1639759521.497597 -0.274156243 -0.530619740 1.258432269 0.015560036 0.722840428 -0.690779090 -0.009157002
1639759521.697528 -0.271780729 -0.529229879 1.258328795 0.018941481 0.724089563 -0.689428627 -0.004870898
1639759521.897460 -0.284716249 -0.534582019 1.258693457 0.010806938 0.718796730 -0.694949746 -0.016103579
1639759522.097391 -0.286602080 -0.535321355 1.258605599 0.010999938 0.717988431 -0.695778549 -0.016240546
1639759522.297305 -0.286957830 -0.535687387 1.258922935 0.012762998 0.717667878 -0.696104884 -0.015095646
1639759522.497236 -0.287955582 -0.536076784 1.258855820 0.013434641 0.717422545 -0.696363091 -0.014244298
1639759522.697167 -0.289196938 -0.537248254 1.258834243 0.014142614 0.716262102 -0.697551548 -0.013798644
1639759522.897099 -0.290137321 -0.533647418 1.258726120 0.015083877 0.719614148 -0.694091618 -0.012836020
1639759523.097030 -0.295573533 -0.532368720 1.258080006 0.011804528 0.720654547 -0.693013072 -0.015827633
1639759523.296932 -0.295356780 -0.532613516 1.258098722 0.013605220 0.720453560 -0.693233073 -0.013762431
1639759523.496863 -0.298103333 -0.531349123 1.258364201 0.012842996 0.721605361 -0.692031085 -0.014617298
1639759523.696795 -0.299600542 -0.531420469 1.258233666 0.013210957 0.721522033 -0.692116797 -0.014342258
1639759523.896726 -0.302032322 -0.532585919 1.258653522 0.012982868 0.720413029 -0.693259895 -0.015072478
1639759524.096657 -0.304306656 -0.530052125 1.258064628 0.012915919 0.722679555 -0.690891087 -0.015391232
1639759524.296767 -0.303128153 -0.528224468 1.257703185 0.016085634 0.724391818 -0.689084113 -0.012682576
1639759524.496699 -0.304213852 -0.527196586 1.257644892 0.017003095 0.725285411 -0.688129723 -0.012224981
1639759524.696630 -0.305807620 -0.529757917 1.258046865 0.016757187 0.722901046 -0.690653443 -0.011451961
1639759524.896562 -0.305278867 -0.529695928 1.258144617 0.018564647 0.722905457 -0.690639019 -0.008986152
1639759525.096494 -0.306317508 -0.529273033 1.258229852 0.018983506 0.723194957 -0.690335333 -0.008111683
1639759525.296449 -0.306005418 -0.528451979 1.257890105 0.021047276 0.723986387 -0.689463079 -0.006435725
1639759525.496381 -0.306184649 -0.529864430 1.257614970 0.021624269 0.722723901 -0.690777779 -0.005339919
1639759525.696312 -0.307856619 -0.528998196 1.257679701 0.021033000 0.723565519 -0.689891696 -0.007742376
1639759525.896244 -0.307895809 -0.529877245 1.257507086 0.020578742 0.722798288 -0.690715432 -0.007167657
1639759526.096176 -0.306655496 -0.530491352 1.257107377 0.022067567 0.722186625 -0.691319883 -0.006029305
1639759526.296060 -0.304793984 -0.530481160 1.257175207 0.022440946 0.722279191 -0.691221237 -0.004733849
1639759526.495992 -0.304037720 -0.531761646 1.257318497 0.022347061 0.721041799 -0.692499518 -0.006614348
1639759526.695924 -0.302348077 -0.531244993 1.257215381 0.021546202 0.721589863 -0.691952229 -0.006771949
1639759526.895855 -0.298948824 -0.532058895 1.256685853 0.023804473 0.720877111 -0.692634344 -0.005218223
1639759527.095787 -0.305012316 -0.528466284 1.257660270 0.016475024 0.724193156 -0.689267218 -0.013546741
1639759527.295749 -0.304335833 -0.529939711 1.257948995 0.015461423 0.722722232 -0.690810204 -0.014653084
1639759527.495681 -0.306133032 -0.528827965 1.258493185 0.011890629 0.723712862 -0.689764440 -0.017981498
1639759527.695613 -0.300762206 -0.529900134 1.258860111 0.014751192 0.722960711 -0.690572560 -0.014823834
1639759527.895544 -0.300716519 -0.529293954 1.258777022 0.013215542 0.723487377 -0.690009892 -0.016664207
1639759528.095476 -0.298830777 -0.532103360 1.258393526 0.013242359 0.720903158 -0.692715347 -0.016392495
1639759528.295395 -0.298731059 -0.531944275 1.258669734 0.011493269 0.721007168 -0.692592323 -0.018232416
1639759528.495327 -0.295757502 -0.531314373 1.258004665 0.012381792 0.721752465 -0.691833377 -0.016933326
1639759528.695259 -0.296088070 -0.531479180 1.258520246 0.010463944 0.721472144 -0.692104101 -0.018985007
1639759528.895190 -0.291328669 -0.532597303 1.258106828 0.012306248 0.720467269 -0.693194866 -0.016009247
1639759529.095122 -0.290524930 -0.533355176 1.258145094 0.011647387 0.719816923 -0.693855405 -0.017104456
1639759529.295225 -0.289257079 -0.535633743 1.257580876 0.011141875 0.717685997 -0.696050346 -0.017793270
1639759529.495157 -0.284396768 -0.530969739 1.257720709 0.013070378 0.722233534 -0.691373348 -0.014516710
1639759529.695089 -0.288604349 -0.533311784 1.257826567 0.007936326 0.719921947 -0.693716824 -0.020159960
1639759529.895020 -0.292417794 -0.534347117 1.258721352 0.003199640 0.718751132 -0.694781363 -0.025795916
1639759530.094952 -0.280548841 -0.535898268 1.256767511 0.010825004 0.717764318 -0.696025729 -0.015663303
1639759530.294940 -0.279279828 -0.534431875 1.257868052 0.010752097 0.719230294 -0.694479346 -0.017044265
1639759530.494872 -0.276688993 -0.538534641 1.258709431 0.009808129 0.715528488 -0.698350728 -0.015136768
1639759530.694804 -0.274551660 -0.534431458 1.258334398 0.010788720 0.719459951 -0.694279373 -0.015400811
1639759530.894736 -0.272821754 -0.534953356 1.258328438 0.010631169 0.718987763 -0.694769084 -0.015479456
1639759531.094668 -0.271477938 -0.534145474 1.258252978 0.010053219 0.719618440 -0.694108963 -0.016157169
1639759531.294681 -0.271129936 -0.534704328 1.258150816 0.007965072 0.719247401 -0.694506824 -0.016733000
1639759531.494613 -0.268190563 -0.534367383 1.258142233 0.009028012 0.719615877 -0.694127917 -0.016063731
1639759531.694545 -0.265356839 -0.534626603 1.258266211 0.009705244 0.719375730 -0.694388807 -0.015117941
1639759531.894477 -0.264295489 -0.539385200 1.258328319 0.008165652 0.714940012 -0.698973954 -0.015149794
1639759532.094409 -0.262987763 -0.537326038 1.257971406 0.008100070 0.717048705 -0.696788490 -0.016166423
1639759532.294390 -0.262566298 -0.537582695 1.258082032 0.006878889 0.716762006 -0.697059989 -0.017671866
1639759532.494322 -0.263865322 -0.538882017 1.259014130 0.003721032 0.715494275 -0.698311448 -0.020377371
1639759532.694254 -0.262260497 -0.542380750 1.258448124 0.002701397 0.712288857 -0.701603174 -0.019757032
1639759532.894186 -0.259144753 -0.539865196 1.258529425 0.004515856 0.714552104 -0.699294150 -0.019560622
1639759533.094118 -0.256458610 -0.540379941 1.257821798 0.004863873 0.714266598 -0.699617386 -0.018305417
1639759533.294050 -0.256260276 -0.541285217 1.257333875 0.004134185 0.713227689 -0.700611293 -0.020808993
1639759533.493982 -0.255984247 -0.539790094 1.257970214 0.002121546 0.714745820 -0.699036777 -0.021943195
1639759533.693915 -0.257085204 -0.538121104 1.258108139 -0.000343817 0.716326177 -0.697314978 -0.025069213
1639759533.893847 -0.252456188 -0.538889587 1.257528543 0.001622615 0.715629578 -0.698125601 -0.022186441
1639759534.093779 -0.251648098 -0.545575857 1.257653236 -0.000071867 0.709454775 -0.704397559 -0.022315297
1639759534.293643 -0.251944423 -0.542149425 1.258394599 -0.002295340 0.712494135 -0.701266170 -0.023930212
1639759534.493575 -0.242144644 -0.545318663 1.257112741 0.003448495 0.709767222 -0.704261482 -0.015310541
1639759534.693507 -0.240592211 -0.546889544 1.257003665 0.003395222 0.708380222 -0.705642462 -0.015955824
1639759534.893439 -0.234164000 -0.544862926 1.256167054 0.006413834 0.710601747 -0.703485608 -0.010582343
1639759535.093371 -0.234292895 -0.550681710 1.256806374 -0.004820718 -0.705013573 0.709061801 0.012807451
1639759535.293242 -0.228827566 -0.547479749 1.255516768 0.007649326 0.708168685 -0.705944896 -0.008971113
1639759535.493174 -0.226650387 -0.549988031 1.255802512 -0.007291435 -0.705908000 0.708216548 0.008370160
1639759535.693106 -0.229984164 -0.554654002 1.257061601 -0.002664657 -0.701428711 0.712610662 0.013290775
1639759535.893038 -0.229419321 -0.554745555 1.257003188 -0.001443567 -0.701250553 0.712766945 0.014451765
1639759536.092969 -0.228749722 -0.555131674 1.256978512 -0.000381512 -0.700898945 0.713089526 0.015616729
